  0   0   0   0   0   0   0   0   0   0   0   0   0   0   0   0
  0  81 143 143  45   0  63 143 143 143 143  99   0   0   0   0
  0 143 255 255  80   0 112 255 255 255 255 175   0   0   0   0
  0 143 255 255  80   0 112 255 255 255 255 175   0   0   0   0
  0  45  80  80  25   0 112 255 255 255 255 230 175 175  99   0
  0   0   0   0   0   0 112 255 255 255 255 255 255 255 143   0
  0  63 112 112 112 112 126 143 143 143 143 143 143 143  81   0
  0 143 255 255 255 255 143   0   0   0   0   0   0   0   0   0
  0 143 255 255 255 255 143   0   0   0   0   0   0   0   0   0
  0  63 112 112 210 255 143   0   0  81 143  99   0   0   0   0
  0   0   0   0 175 255 143   0   0 143 255 175   0   0   0   0
  0   0   0   0 175 255 143   0   0 143 255 175   0   0   0   0
  0   0   0   0 175 255 143   0   0 143 255 175   0   0   0   0
  0   0   0   0 175 255 143   0   0 143 255 175   0   0   0   0
  0   0   0   0  99 143  81   0   0  81 143  99   0   0   0   0
  0   0   0   0   0   0   0   0   0   0   0   0   0   0   0   0
  0   0   0   0   0   0   0   0   0   0   0   0   0   0   0   0
  0  81 143 143  45   0  63 143 143 143 143  99   0   0   0   0
  0 143 255 255  80   0 112 255 255 255 255 175   0   0   0   0
  0 143 255 255  80   0 112 255 255 255 255 175   0   0   0   0
  0  45  80  80  25   0 112 255 255 255 255 230 175 175  99   0
  0   0   0   0   0   0 112 255 255 255 255 255 255 255 143   0
  0  63 112 112 112 112 126 143 143 143 143 143 143 143  81   0
  0 143 255 255 255 255 143   0   0   0   0   0   0   0   0   0
  0 143 255 255 255 255 143   0   0   0   0   0   0   0   0   0
  0  63 112 112 210 255 143   0   0  81 143  99   0   0   0   0
  0   0   0   0 175 255 143   0   0 143 255 175   0   0   0   0
  0   0   0   0 175 255 143   0   0 143 255 175   0   0   0   0
  0   0   0   0 175 255 143   0   0 143 255 175   0   0   0   0
  0   0   0   0 175 255 143   0   0 143 255 175   0   0   0   0
  0   0   0   0  99 143  81   0   0  81 143  99   0   0   0   0
  0   0   0   0   0   0   0   0   0   0   0   0   0   0   0   0
  0   0   0   0   0   0   0   0   0   0   0   0   0   0   0   0
  0  81 143 143  45   0  63 143 143 143 143  99   0   0   0   0
  0 143 255 255  80   0 112 255 255 255 255 175   0   0   0   0
  0 143 255 255  80   0 112 255 255 255 255 175   0   0   0   0
  0  45  80  80  25   0 112 255 255 255 255 230 175 175  99   0
  0   0   0   0   0   0 112 255 255 255 255 255 255 255 143   0
  0  63 112 112 112 112 126 143 143 143 143 143 143 143  81   0
  0 143 255 255 255 255 143   0   0   0   0   0   0   0   0   0
  0 143 255 255 255 255 143   0   0   0   0   0   0   0   0   0
  0  63 112 112 210 255 143   0   0  81 143  99   0   0   0   0
  0   0   0   0 175 255 143   0   0 143 255 175   0   0   0   0
  0   0   0   0 175 255 143   0   0 143 255 175   0   0   0   0
  0   0   0   0 175 255 143   0   0 143 255 175   0   0   0   0
  0   0   0   0 175 255 143   0   0 143 255 175   0   0   0   0
  0   0   0   0  99 143  81   0   0  81 143  99   0   0   0   0
  0   0   0   0   0   0   0   0   0   0   0   0   0   0   0   0

  0   0   0   0   0   0   0   0   0   0   0   0   0   0   0   0
  0   0   0   0  99 143  81   0   0   0   0   0   0   0   0   0
  0   0   0   0 175 255 143   0   0   0   0   0   0   0   0   0
  0   0   0   0 175 255 143   0   0   0   0   0   0   0   0   0
  0  99 175 175 230 255 143   0   0  99 175 175 175 175  99   0
  0 143 255 255 255 255 143   0   0 143 255 255 255 255 143   0
  0 143 255 255 255 255 143   0   0  81 143 143 143 143  81   0
  0 143 255 255 255 255 143   0   0   0   0   0   0   0   0   0
  0 143 255 255 255 255 143   0   0   0   0   0   0   0   0   0
  0  63 112 112 112 112 126 143 143 143 143 143 143 143  81   0
  0   0   0   0   0   0 112 255 255 255 255 255 255 255 143   0
  0  45  80  80  25   0 112 255 255 210 175 175 175 175  99   0
  0 143 255 255  80   0 112 255 255 112   0   0   0   0   0   0
  0 143 255 255  80   0 112 255 255 112   0   0   0   0   0   0
  0  81 143 143  45   0  63 143 143  63   0   0   0   0   0   0
  0   0   0   0   0   0   0   0   0   0   0   0   0   0   0   0
  0   0   0   0   0   0   0   0   0   0   0   0   0   0   0   0
  0   0   0   0  99 143  81   0   0   0   0   0   0   0   0   0
  0   0   0   0 175 255 143   0   0   0   0   0   0   0   0   0
  0   0   0   0 175 255 143   0   0   0   0   0   0   0   0   0
  0  99 175 175 230 255 143   0   0  99 175 175 175 175  99   0
  0 143 255 255 255 255 143   0   0 143 255 255 255 255 143   0
  0 143 255 255 255 255 143   0   0  81 143 143 143 143  81   0
  0 143 255 255 255 255 143   0   0   0   0   0   0   0   0   0
  0 143 255 255 255 255 143   0   0   0   0   0   0   0   0   0
  0  63 112 112 112 112 126 143 143 143 143 143 143 143  81   0
  0   0   0   0   0   0 112 255 255 255 255 255 255 255 143   0
  0  45  80  80  25   0 112 255 255 210 175 175 175 175  99   0
  0 143 255 255  80   0 112 255 255 112   0   0   0   0   0   0
  0 143 255 255  80   0 112 255 255 112   0   0   0   0   0   0
  0  81 143 143  45   0  63 143 143  63   0   0   0   0   0   0
  0   0   0   0   0   0   0   0   0   0   0   0   0   0   0   0
  0   0   0   0   0   0   0   0   0   0   0   0   0   0   0   0
  0   0   0   0  99 143  81   0   0   0   0   0   0   0   0   0
  0   0   0   0 175 255 143   0   0   0   0   0   0   0   0   0
  0   0   0   0 175 255 143   0   0   0   0   0   0   0   0   0
  0  99 175 175 230 255 143   0   0  99 175 175 175 175  99   0
  0 143 255 255 255 255 143   0   0 143 255 255 255 255 143   0
  0 143 255 255 255 255 143   0   0  81 143 143 143 143  81   0
  0 143 255 255 255 255 143   0   0   0   0   0   0   0   0   0
  0 143 255 255 255 255 143   0   0   0   0   0   0   0   0   0
  0  63 112 112 112 112 126 143 143 143 143 143 143 143  81   0
  0   0   0   0   0   0 112 255 255 255 255 255 255 255 143   0
  0  45  80  80  25   0 112 255 255 210 175 175 175 175  99   0
  0 143 255 255  80   0 112 255 255 112   0   0   0   0   0   0
  0 143 255 255  80   0 112 255 255 112   0   0   0   0   0   0
  0  81 143 143  45   0  63 143 143  63   0   0   0   0   0   0
  0   0   0   0   0   0   0   0   0   0   0   0   0   0   0   0

  0   0   0   2  11  12   7   0   0   7  12  11   2   0   0   0
  0   0   0  28 148 173  99   1   1  99 173 148  28   0   0   0
  0   0   0  42 217 254 146   2   2 146 254 217  42   0   0   0
  0   0   0  42 217 254 146   2   2 146 254 217  42   0   0   0
  0   0   0  42 217 254 146   2   2 146 254 217  42   0   0   0
  0   0   0  42 217 254 146   2   2 146 254 217  42   0   0   0
  0   0   0  24 125 146  84   1   2 146 254 233 132 107  73   5
  0   0   0   0   2   2   1   0   2 146 254 254 252 252 171  12
  0   1   2   2   2   2   2   2   5 146 251 252 252 252 171  12
  7  99 146 146 146 146 146 146 146 123 107 107 107 107  73   5
 12 173 254 254 254 254 254 254 251 107   0   0   0   0   0   0
 11 148 217 223 249 255 255 255 252 107   0   5  31  37  25   1
  2  28  42  77 223 255 255 255 252 107   0  31 177 212 144  10
  0   0   0  42 217 255 255 255 252 107   0  37 212 255 173  12
  0   0   0  28 148 173 173 173 171  73   0  25 144 173 118   8
  0   0   0   2  11  12  12  12  12   5   0   1  10  12   8   0
  0   0   0   2  11  12   7   0   0   7  12  11   2   0   0   0
  0   0   0  28 148 173  99   1   1  99 173 148  28   0   0   0
  0   0   0  42 217 254 146   2   2 146 254 217  42   0   0   0
  0   0   0  42 217 254 146   2   2 146 254 217  42   0   0   0
  0   0   0  42 217 254 146   2   2 146 254 217  42   0   0   0
  0   0   0  42 217 254 146   2   2 146 254 217  42   0   0   0
  0   0   0  24 125 146  84   1   2 146 254 233 132 107  73   5
  0   0   0   0   2   2   1   0   2 146 254 254 252 252 171  12
  0   1   2   2   2   2   2   2   5 146 251 252 252 252 171  12
  7  99 146 146 146 146 146 146 146 123 107 107 107 107  73   5
 12 173 254 254 254 254 254 254 251 107   0   0   0   0   0   0
 11 148 217 223 249 255 255 255 252 107   0   5  31  37  25   1
  2  28  42  77 223 255 255 255 252 107   0  31 177 212 144  10
  0   0   0  42 217 255 255 255 252 107   0  37 212 255 173  12
  0   0   0  28 148 173 173 173 171  73   0  25 144 173 118   8
  0   0   0   2  11  12  12  12  12   5   0   1  10  12   8   0
  0   0   0   2  11  12   7   0   0   7  12  11   2   0   0   0
  0   0   0  28 148 173  99   1   1  99 173 148  28   0   0   0
  0   0   0  42 217 254 146   2   2 146 254 217  42   0   0   0
  0   0   0  42 217 254 146   2   2 146 254 217  42   0   0   0
  0   0   0  42 217 254 146   2   2 146 254 217  42   0   0   0
  0   0   0  42 217 254 146   2   2 146 254 217  42   0   0   0
  0   0   0  24 125 146  84   1   2 146 254 233 132 107  73   5
  0   0   0   0   2   2   1   0   2 146 254 254 252 252 171  12
  0   1   2   2   2   2   2   2   5 146 251 252 252 252 171  12
  7  99 146 146 146 146 146 146 146 123 107 107 107 107  73   5
 12 173 254 254 254 254 254 254 251 107   0   0   0   0   0   0
 11 148 217 223 249 255 255 255 252 107   0   5  31  37  25   1
  2  28  42  77 223 255 255 255 252 107   0  31 177 212 144  10
  0   0   0  42 217 255 255 255 252 107   0  37 212 255 173  12
  0   0   0  28 148 173 173 173 171  73   0  25 144 173 118   8
  0   0   0   2  11  12  12  12  12   5   0   1  10  12   8   0

  0   0   0   0   0   0   5  13  13   5   0   2  11  13   9   1
  0   0   0   0   0   0  73 172 172  73   0  25 145 174 118   9
  0   0   0   0   0   0 108 252 252 108   0  37 213 255 174  13
  2  29  42  42  42  42 132 253 252 108   0  31 177 213 145  11
 11 148 218 218 218 218 233 255 252 108   0   5  31  37  25   2
 13 173 255 255 255 255 255 255 252 108   1   0   0   0   0   0
  7 100 147 147 147 147 147 147 146 124 108 108 108 108  73   5
  0   2   3   3   3   3   3   3   5 146 252 252 252 252 172  13
  0   2   3   3   3   3   1   0   3 147 255 255 255 255 174  13
  7 100 147 147 147 147  84   1   3 147 255 255 255 255 174  13
 13 173 255 255 255 254 147   3   3 147 255 255 255 255 174  13
 11 148 218 218 218 217 125   2   3 147 255 250 224 218 148  11
  2  29  42  42  42  42  24   0   3 147 255 224  77  42  29   2
  0   0   0   0   0   0   0   0   3 147 255 218  42   0   0   0
  0   0   0   0   0   0   0   0   2 100 173 148  29   0   0   0
  0   0   0   0   0   0   0   0   0   7  13  11   2   0   0   0
  0   0   0   0   0   0   5  13  13   5   0   2  11  13   9   1
  0   0   0   0   0   0  73 172 172  73   0  25 145 174 118   9
  0   0   0   0   0   0 108 252 252 108   0  37 213 255 174  13
  2  29  42  42  42  42 132 253 252 108   0  31 177 213 145  11
 11 148 218 218 218 218 233 255 252 108   0   5  31  37  25   2
 13 173 255 255 255 255 255 255 252 108   1   0   0   0   0   0
  7 100 147 147 147 147 147 147 146 124 108 108 108 108  73   5
  0   2   3   3   3   3   3   3   5 146 252 252 252 252 172  13
  0   2   3   3   3   3   1   0   3 147 255 255 255 255 174  13
  7 100 147 147 147 147  84   1   3 147 255 255 255 255 174  13
 13 173 255 255 255 254 147   3   3 147 255 255 255 255 174  13
 11 148 218 218 218 217 125   2   3 147 255 250 224 218 148  11
  2  29  42  42  42  42  24   0   3 147 255 224  77  42  29   2
  0   0   0   0   0   0   0   0   3 147 255 218  42   0   0   0
  0   0   0   0   0   0   0   0   2 100 173 148  29   0   0   0
  0   0   0   0   0   0   0   0   0   7  13  11   2   0   0   0
  0   0   0   0   0   0   5  13  13   5   0   2  11  13   9   1
  0   0   0   0   0   0  73 172 172  73   0  25 145 174 118   9
  0   0   0   0   0   0 108 252 252 108   0  37 213 255 174  13
  2  29  42  42  42  42 132 253 252 108   0  31 177 213 145  11
 11 148 218 218 218 218 233 255 252 108   0   5  31  37  25   2
 13 173 255 255 255 255 255 255 252 108   1   0   0   0   0   0
  7 100 147 147 147 147 147 147 146 124 108 108 108 108  73   5
  0   2   3   3   3   3   3   3   5 146 252 252 252 252 172  13
  0   2   3   3   3   3   1   0   3 147 255 255 255 255 174  13
  7 100 147 147 147 147  84   1   3 147 255 255 255 255 174  13
 13 173 255 255 255 254 147   3   3 147 255 255 255 255 174  13
 11 148 218 218 218 217 125   2   3 147 255 250 224 218 148  11
  2  29  42  42  42  42  24   0   3 147 255 224  77  42  29   2
  0   0   0   0   0   0   0   0   3 147 255 218  42   0   0   0
  0   0   0   0   0   0   0   0   2 100 173 148  29   0   0   0
  0   0   0   0   0   0   0   0   0   7  13  11   2   0   0   0
